100069792156388
100064657153788
100070543082375
100075277909509
100064677285237
100069396091560
100084405428445
100074270321437
100069260347595
100064782156351
100078993000898
100064714537230
100069021946098
100087441027747
100064533619471
100087473329130
100064423314244
100068085751577
100062959643289
100087562505471
100057430278806
100076876897895
100073326733694
100068862054205
100063127865933
2245691062122971
100068907896633
585694635102010
401563010396892
230856280610257
187091651315319
100076091151914
100087407084557
1680458868893417
100050740585938
100066750999606
315271052284236
100068777973649
100067812865146
100064582573952
100046878976009
407097256142162
100064852203597
100064757136427
100068777973649
101708105229144
108338998477111
100066719281683
100064821635891
100066344597110
100067821481798
100068909062271
100022958207587
100064859940833
100069277861327
100069411180598
100080165242165
100068912452160
100065706041169
100068350811032
981254951967835
100067759534708
100044523635857
100065032686441
100070777104349
100064727681463
100065216854300
100064691798579
100063646324700
100066405895550
100064533736044
100080975667134
100064995542106
100008969648858
1518395738451537
100074827020659
100057274795516
100063542381953
100064930230563
100049439205349
260572759182294
1755606601397402
100053445225903
100064732837614
100069300575708
100064349035756
1755606601397402
100016423804017
101529369437420
100070159029581
100069290346591
100064834869855
1350016581705636
100064488078367
100064758278524
896165663858450
100064453250892
100064816203484
100063551538017
100077253257009
100063877036723
896165663858450
100064638821640
1848487175427740
100068964647662
100069901080105
100064767636465
100064370694708
270919980228725
100069003281156
100069003281156
100066376034793
100072579870292
100063503043643
100067892958868
100069997270867
100064560436453
100065044598557
739800682883937
100070155663334
100064603665980